structure(c(0.000231215555247363, 9.59800527339061e-05, 0.000238307192986053, 
0.000245494738354335, 0.000207204830275412, 0, 0, 0, 0, 0, -2.69788318354575e-07, 
-2.5655309375575e-07, -3.69138333873799e-07, -2.70171209441257e-07, 
3.83002538344372e-07, 0.00145842993048137, -0.0047035122280172, 
-0.00469989742901617, -0.00469688476870367, 9.59800527014603e-05, 
4.01043441207519e-05, 9.88439570550372e-05, 0.000102278160499385, 
8.59538263237492e-05, 0, 0, 0, 0, 0, -2.56553126225703e-07, -2.50868693510028e-07, 
-3.52962953458318e-07, -2.6277781070404e-07, 3.70226581173692e-07, 
0.000592397825602629, -0.00194961013762316, -0.00194616554654516, 
-0.00194154177535499, 0.000238307192864122, 9.88439570771097e-05, 
0.000245626257310229, 0.000252935827840396, 0.000213596866512361, 
-1.60924565515706e-26, 2.31552033179411e-27, -1.85715593536018e-26, 
4.63107614015951e-27, -1.53528409932314e-26, -3.69138377602418e-07, 
-3.5296296039279e-07, -5.05616019122055e-07, -3.71304309929241e-07, 
5.25728784276157e-07, 0.00150818433174882, -0.00485048381664074, 
-0.0048455381312515, -0.00484061230471535, 0.000245494738271412, 
0.000102278160533205, 0.000252935827835937, 0.000261141390192533, 
0.000219887810915269, -2.35533877504777e-27, 1.96366124525397e-28, 
-2.35564012340691e-27, 3.92732249050794e-28, -1.5707783220236e-27, 
-2.70171247123596e-07, -2.62777800232061e-07, -3.71304306177031e-07, 
-2.75532372103066e-07, 3.886520188686e-07, 0.00152798341077046, 
-0.00498672507824215, -0.00498308976173729, -0.00497960865930325, 
0.000207204830205119, 8.59538263521286e-05, 0.000213596866522237, 
0.000219887810935699, 0.000185673651230133, 4.85425248340386e-30, 
-4.04521040283655e-31, 4.85425248340386e-30, -8.09042080567311e-31, 
3.23616832226924e-30, 3.83002613888887e-07, 3.70226593745652e-07, 
5.25728812745677e-07, 3.88652040491397e-07, -5.48965701473586e-07, 
0.00130337092256753, -0.00420836965129005, -0.00421352013506124, 
-0.00421891336361749, 0, 0, 0, 0, 0, -5.10183899653953e-15, 7.8591885157956e-16, 
-6.4834859312744e-15, 1.50801931113256e-15, -5.63938260012839e-15, 
0, 0, 0, 0, 0, -1.92738750415459e-14, 3.00177019261096e-14, 1.92739679935806e-14, 
1.92739908677973e-14, 0, 0, 0, 0, 0, 3.15541777912736e-15, -4.86080081889922e-16, 
4.00994754874631e-15, -9.32689359434108e-16, 3.48788116046537e-15, 
0, 0, 0, 0, 0, 2.11036391888349e-14, -2.63793575385584e-14, -2.1103744850731e-14, 
-2.11037448545652e-14, 0, 0, 0, 0, 0, -7.06979552525251e-15, 
1.0890750538931e-15, -8.9843916783881e-15, 2.08971474503126e-15, 
-7.81468836994565e-15, 0, 0, 0, 0, 0, -3.79305047881728e-14, 
5.16484798322229e-14, 3.79307719803094e-14, 3.79306694062598e-14, 
0, 0, 0, 0, 0, 1.06504647834159e-15, -1.64066350526846e-16, 1.35347545525546e-15, 
-3.14810141535915e-16, 1.17726266594564e-15, 0, 0, 0, 0, 0, 9.11180610837904e-15, 
-1.08584700574221e-14, -9.11185173966171e-15, -9.11186237171791e-15, 
0, 0, 0, 0, 0, -7.07821108548507e-15, 1.0903714388706e-15, -8.99508628603669e-15, 
2.09220224558748e-15, -7.82399061644236e-15, 0, 0, 0, 0, 0, -2.3669956074879e-14, 
3.68203935354509e-14, 2.36700702280671e-14, 2.36700983183101e-14, 
-2.69788347440106e-07, -2.56553136179018e-07, -3.69138378024298e-07, 
-2.70171250644428e-07, 3.83002593105031e-07, 0, 0, 0, 0, 0, 0.00152174610422969, 
0.00135199151503402, 0.00205549256191287, 0.00144234992592348, 
-0.00207780580010259, -0.0181010463248002, 0.0158085113942438, 
-0.00404804561906155, -0.0158085113942441, -2.56553136175274e-07, 
-2.50868681141386e-07, -3.52962961052682e-07, -2.62777802373055e-07, 
3.70226576620332e-07, 0, 0, 0, 0, 0, 0.0013519915150104, 0.00205849469981798, 
0.00206627845586216, 0.00202468814562315, -0.00258663519824156, 
-0.00753325134488991, 0.0248195294103034, 0.00327042252678891, 
-0.0248195294103067, -3.691383780225e-07, -3.52962961056981e-07, 
-5.05616019773423e-07, -3.71304310654946e-07, 5.25728785111756e-07, 
0, 0, 0, 0, 0, 0.00205549256190786, 0.00206627845588792, 0.00284368015828441, 
0.0021563622193478, -0.00301399507138465, -0.0220556450954607, 
0.0243710778760838, -0.00354449248660572, -0.0243710778760806, 
-2.70171250645713e-07, -2.62777802373412e-07, -3.71304310657947e-07, 
-2.75532374608536e-07, 3.88652022831597e-07, 0, 0, 0, 0, 0, 0.0014423499259069, 
0.00202468814559662, 0.00215636221932111, 0.00201376940142244, 
-0.00261047702896405, -0.00978874122639893, 0.024259534034526, 
0.00206745558448407, -0.0242595340345005, 3.83002593105452e-07, 
3.70226576629018e-07, 5.25728785116477e-07, 3.88652022833798e-07, 
-5.48965674419616e-07, 0, 0, 0, 0, 0, -0.00207780580011535, -0.00258663519829142, 
-0.00301399507141183, -0.00261047702903413, 0.00347725843071226, 
0.0173124339150518, -0.0309199958526877, -0.000425289479188872, 
0.0309199958526747, 0.0014584299288043, 0.000592397828105351, 
0.00150818433165092, 0.00152798341106144, 0.0013033709224844, 
-1.92274387681556e-14, 2.96191365620803e-15, -2.44344889824987e-14, 
5.68331321038584e-15, -2.12532939022183e-14, -0.0181010463248923, 
-0.00753325134491861, -0.0220556450955545, -0.00978874122563744, 
0.0173124339148551, 1.91391101724858, -0.413197222708646, 0.35472756498224, 
0.729554549815913, -0.0047035122305742, -0.00194961013821007, 
-0.00485048381655333, -0.0049867250784278, -0.00420836964963915, 
2.74050963429962e-14, -4.22165063616803e-15, 3.482676672188e-14, 
-8.1004936723282e-15, 3.02925716738945e-14, 0.0158085113942077, 
0.0248195294104247, 0.0243710778760431, 0.0242595340343872, -0.0309199958523305, 
-0.413197222647463, 1.99999999999929, 0.410155749419347, -0.666666666666431, 
-0.00469989743300104, -0.00194616554273657, -0.00484553813116156, 
-0.00498308976168219, -0.00421352013198278, 1.92274387691295e-14, 
-2.96191365629363e-15, 2.44344889828988e-14, -5.68331321056051e-15, 
2.12532939029574e-14, -0.00404804561887363, 0.00327042252717706, 
-0.00354449248609465, 0.00206745558468392, -0.000425289479775722, 
0.354727564989278, 0.410155749424372, 1.7645622526159, 0.923177583884259, 
-0.00469688477193569, -0.00194154177237708, -0.00484061230478694, 
-0.00497960865899455, -0.00421891336337238, 1.92274387689888e-14, 
-2.96191365640754e-15, 2.44344889833497e-14, -5.68331321067745e-15, 
2.12532939034464e-14, -0.0158085113939026, -0.0248195294102702, 
-0.0243710778756626, -0.0242595340341973, 0.0309199958520136, 
0.729554549752632, -0.666666666677513, 0.92317758388933, 1.99999999999335
), .Dim = c(19L, 19L))
